15
0 1 52
0 2 54
0 3 36
0 4 70
0 5 35
0 6 36
0 7 64
0 8 69
0 9 87
0 10 9
0 11 53
0 12 39
0 13 82
0 14 60
1 2 8
1 3 5
1 4 51
1 5 49
1 6 34
1 7 79
1 8 14
1 9 55
1 10 12
1 11 24
1 12 68
1 13 33
1 14 29
2 3 76
2 4 78
2 5 64
2 6 44
2 7 61
2 8 57
2 9 78
2 10 31
2 11 51
2 12 80
2 13 19
2 14 66
3 4 43
3 5 60
3 6 45
3 7 28
3 8 94
3 9 12
3 10 96
3 11 77
3 12 93
3 13 12
3 14 52
4 5 58
4 6 15
4 7 5
4 8 44
4 9 70
4 10 84
4 11 94
4 12 91
4 13 94
4 14 2
5 6 5
5 7 48
5 8 82
5 9 56
5 10 93
5 11 30
5 12 89
5 13 31
5 14 48
6 7 66
6 8 8
6 9 70
6 10 7
6 11 90
6 12 3
6 13 73
6 14 19
7 8 36
7 9 97
7 10 22
7 11 49
7 12 79
7 13 66
7 14 40
8 9 79
8 10 96
8 11 73
8 12 78
8 13 22
8 14 75
9 10 87
9 11 16
9 12 90
9 13 1
9 14 35
10 11 25
10 12 59
10 13 23
10 14 45
11 12 87
11 13 75
11 14 84
12 13 10
12 14 18
13 14 96
